90
33
324
237
450
322
97
209
410
458
84
106
200
38
281
357
512
108
224
27
588
36
133
357
55
169
399
102
116
559
578
205
344
302
441
193
375
537
153
184
146
237
289
98
26
321
454
289
180
77
315
168
464
199
524
270
367
74
372
482
385
101
439
128
154
279
320
528
568
473
463
113
461
503
562
238
223
168
526
403
596
593
322
460
191
245
129
310
319
252
543
103
353
381
230
506
412
301
186
379
525
48
243
137
551
557
374
525
124
52
79
119
44
400
578
586
45
107
47
115
110
590
217
462
122
198
120
533
250
305
63
175
104
58
311
54
366
437
331
489
488
409
359
531
209
337
268
253
195
315
367
304
56
335
518
177
284
37
462
533
93
276
107
196
85
170
2
450
6
332
90
493
140
449
175
100
537
442
352
131
508
470
186
315
556
103
244
239
491
105
172
583
132
30
179
569
199
532
170
204
263
260
96
154
108
22
254
396
464
357
526
123
227
463
438
534
318
81
173
560
537
96
543
420
125
473
388
324
404
558
527
418
569
375
571
428
396
224
223
11
581
500
134
559
362
323
492
431
403
416
391
91
511
85
510
388
557
50
111
112
359
389
529
327
163
251
506
311
475
128
321
207
379
206
165
492
528
408
323
330
224
113
172
486
197
82
273
505
483
135
16
241
524
296
319
438
546
224
148
172
